  36109 0
      2 1
      2 10
5453977 101
      4 11
      2 12
      2 13
      1 14
      5 15
      1 16
      4 17
      1 18
      2 19
      1 2
      6 20
      2 21
      3 22
      5 23
      4 24
     16 25
     21 26
     25 27
     39 28
     51 29
     81 30
    118 31
    148 32
    156 33
    187 34
    188 35
    238 36
    267 37
    304 38
    352 39
      3 4
    356 40
    427 41
    411 42
    507 43
    429 44
    465 45
    439 46
    549 47
    576 48
    619 49
      1 5
    736 50
    812 51
    837 52
    836 53
    892 54
    882 55
    935 56
    953 57
   1054 58
   1232 59
      1 6
   1328 60
   1463 61
   1581 62
   1649 63
   1742 64
   1717 65
   1889 66
   2021 67
   2131 68
   2287 69
      1 7
   2533 70
   2755 71
   2943 72
   3145 73
   3496 74
   3621 75
   4091 76
   4337 77
   4547 78
   4869 79
      2 8
   5143 80
   5586 81
   5954 82
   6433 83
   6853 84
   7068 85
   7856 86
   8135 87
   8561 88
   9034 89
   9709 90
  10342 91
  10777 92
  11006 93
  11720 94
  12875 95
  14812 96
  30152 97
  88225 98
