  36309 0
      3 1
      2 10
5449921 101
      3 11
      3 12
      2 13
      1 14
      4 15
      1 16
      3 17
      1 18
      1 19
      1 2
      4 20
      2 21
      3 22
      3 23
      1 24
     12 25
     18 26
     23 27
     36 28
     48 29
     80 30
    108 31
    145 32
    148 33
    182 34
    183 35
    234 36
    256 37
    296 38
    344 39
      3 4
    350 40
    420 41
    405 42
    500 43
    420 44
    449 45
    434 46
    541 47
    569 48
    610 49
      1 5
    729 50
    803 51
    832 52
    823 53
    881 54
    878 55
    927 56
    943 57
   1046 58
   1224 59
      1 6
   1316 60
   1456 61
   1569 62
   1651 63
   1735 64
   1722 65
   1886 66
   2013 67
   2125 68
   2282 69
      1 7
   2535 70
   2763 71
   2935 72
   3145 73
   3489 74
   3615 75
   4083 76
   4337 77
   4544 78
   4871 79
      1 8
   5136 80
   5585 81
   5931 82
   6439 83
   6854 84
   7052 85
   7829 86
   8122 87
   8534 88
   9005 89
   9576 90
  10161 91
  10641 92
  10980 93
  11663 94
  12482 95
  14212 96
  29777 97
  94442 98
