    254 0
      6 1
      3 10
5143956 101
      1 11
      1 13
      4 14
      3 15
      3 17
      1 18
      1 20
      4 21
      3 22
      7 23
     11 24
      8 25
     15 26
     16 27
     19 28
     29 29
      2 3
     13 30
     28 31
     34 32
     41 33
     38 34
     33 35
     38 36
     43 37
     44 38
     56 39
      2 4
     54 40
     62 41
     57 42
     81 43
     54 44
     63 45
     76 46
     96 47
     86 48
     98 49
      1 5
    110 50
    125 51
    132 52
    138 53
    141 54
    188 55
    177 56
    200 57
    219 58
    284 59
      1 6
    277 60
    323 61
    351 62
    410 63
    388 64
    420 65
    464 66
    511 67
    547 68
    606 69
    625 70
    702 71
    737 72
    828 73
    875 74
    906 75
    973 76
   1076 77
   1081 78
   1140 79
      1 8
   1250 80
   1312 81
   1370 82
   1395 83
   1520 84
   1581 85
   1553 86
   1679 87
   1695 88
   1850 89
      1 9
   1975 90
   1997 91
   2121 92
   2086 93
   2237 94
   2675 95
   3842 96
  18145 97
  67740 98
