    257 0
      6 1
      3 10
5135351 101
      1 11
      1 12
      2 13
      4 14
      5 15
      1 16
      7 17
      2 18
      3 19
      7 20
      5 21
     10 22
     15 23
     13 24
     16 25
     26 26
     26 27
     31 28
     43 29
      2 3
     28 30
     41 31
     44 32
     57 33
     56 34
     57 35
     50 36
     57 37
     59 38
     79 39
      4 4
     74 40
     76 41
     73 42
    103 43
     75 44
     89 45
    101 46
    120 47
    103 48
    125 49
      1 5
    127 50
    152 51
    166 52
    159 53
    173 54
    200 55
    215 56
    223 57
    247 58
    309 59
      1 6
    312 60
    352 61
    382 62
    429 63
    412 64
    452 65
    487 66
    533 67
    576 68
    637 69
    657 70
    735 71
    774 72
    856 73
    914 74
    943 75
   1006 76
   1114 77
   1107 78
   1175 79
      1 8
   1292 80
   1343 81
   1411 82
   1427 83
   1548 84
   1620 85
   1589 86
   1713 87
   1763 88
   1924 89
      2 9
   2094 90
   2191 91
   2226 92
   2125 93
   2305 94
   2873 95
   4781 96
  17517 97
  73546 98
